#BVGraph properties
#Sat May 29 20:25:10 PDT 2021
bitsforreferences=52033
avgbitsforintervals=0.897
graphclass=it.unimi.dsi.webgraph.BVGraph
avgdist=0.529
successoravggap=4281.274
residualexpstats=8845,7309,4811,4453,3710,3181,2508,2342,2410,2147,2010,1911,2075,2315,2058,1901,565,1
arcs=148374
minintervallength=4
bitsforoutdegrees=119622
residualavgloggap=6.0822530765085006
avgbitsforoutdegrees=1.759
bitsforresiduals=526126
successoravgloggap=3.9781704206278197
maxrefcount=3
successorexpstats=82230,13226,6178,4697,4031,3604,2874,2757,2812,2475,2652,2315,3256,4048,3760,5609,1849,1
residualarcs=54552
avgbitsforresiduals=7.736
avgbitsforblocks=0.604
windowsize=7
residualavggap=4647.014
copiedarcs=30044
avgbitsforreferences=0.765
version=0
compratio=0.329
bitsperlink=5.391
compressionflags=
nodes=68014
avgref=0.389
zetak=3
bitsforintervals=61035
intervalisedarcs=63778
bitspernode=11.761
bitsforblocks=41081
