#BVGraph properties
#Sat May 29 20:25:12 PDT 2021
bitsforreferences=49207
avgbitsforintervals=1.262
graphclass=it.unimi.dsi.webgraph.BVGraph
avgdist=0.461
successoravggap=2005.779
residualexpstats=17890,16819,14253,13515,11154,9440,7523,7065,6711,5479,4961,4851,4043,3840,3149,2484,599,1
arcs=261371
minintervallength=4
bitsforoutdegrees=137291
residualavgloggap=5.681631973556018
avgbitsforoutdegrees=1.984
bitsforresiduals=1213738
successoravgloggap=4.026631788069243
maxrefcount=3
successorexpstats=109886,29867,19159,15644,12688,10925,8946,8446,7878,6537,6266,5711,4820,4988,4746,4079,784,1
residualarcs=133777
avgbitsforresiduals=17.536
avgbitsforblocks=1.523
windowsize=7
residualavggap=2713.135
copiedarcs=61368
avgbitsforreferences=0.711
version=0
compratio=0.391
bitsperlink=6.095
compressionflags=
nodes=69213
avgref=0.34
zetak=3
bitsforintervals=87360
intervalisedarcs=66226
bitspernode=23.016
bitsforblocks=105418
