#BVGraph properties
#Sat May 29 20:25:14 PDT 2021
bitsforreferences=9944
avgbitsforintervals=0.979
graphclass=it.unimi.dsi.webgraph.BVGraph
avgdist=0.148
successoravggap=1618.635
residualexpstats=608,616,937,1374,2178,4231,6156,8012,8805,8668,7231,5204,3433,2912,100
arcs=62109
minintervallength=4
bitsforoutdegrees=44998
residualavgloggap=8.6684746834204
avgbitsforoutdegrees=5.106
bitsforresiduals=793458
successoravgloggap=8.637452940283401
maxrefcount=3
successorexpstats=639,645,984,1455,2284,4402,6395,8253,8930,8824,7350,5259,3475,2957,101
residualarcs=60625
avgbitsforresiduals=90.043
avgbitsforblocks=0.758
windowsize=7
residualavggap=1634.723
copiedarcs=1480
avgbitsforreferences=1.128
version=0
compratio=1.186
bitsperlink=13.906
compressionflags=
nodes=8812
avgref=0.061
zetak=3
bitsforintervals=8627
intervalisedarcs=4
bitspernode=98.015
bitsforblocks=6680
